40
Lattice="5.0999 0.0 0.0 7.3182443423e-16 11.9516 0.0 -2.025764514 4.5833413816e-16 5.069647571" Properties=pos:R:3:species:S:1
1.0779889965 1.128589588 1.1921276263 O
0.4590787465 7.104389588 1.3426961592 O
1.9961464895 10.823010412 3.8775199446 O
2.6150567395 4.847210412 3.7269514118 O
4.129632972 1.691629464 0.5424522901 O1
2.507334771 7.667429464 1.9923714954 O1
-1.055497486 10.259970536 4.5271952809 O1
0.566800715 4.284170536 3.0772760756 O1
0.0332644091 1.073731744 3.7566088501 N
-0.5219611801 7.049531744 3.8478625064 N
3.0408710769 10.877868256 1.3130387209 N
3.5960966661 4.902068256 1.2217850646 N
0.2472928134 1.492037744 0.3346474362 C
1.2897749296 7.467837744 2.2001763493 C
2.8268426726 10.459562256 4.7350001348 C
1.7843605564 4.483762256 2.8694712216 C
-1.2653373812 1.732264904 3.9882917441 CA
0.7766406102 7.708064904 3.6161796124 CA
4.3394728672 10.219335096 1.0813558269 CA
2.2974948758 4.243535096 1.4534679586 CA
0.3702487882 1.195996612 2.7670136442 H1
-0.8589455593 7.171796612 4.8374577122 H1
2.7038866977 10.755603388 2.3026339267 H1
3.9330810453 4.779803388 0.2321898587 H1
0.766003358 1.42463072 4.4070446334 H2
-1.254700129 7.40043072 3.197426723 H2
2.308132128 10.52696928 0.6626029375 H3
4.328835615 4.55116928 1.872220848 H3
-0.0475638045 0.058921388 3.9223863257 H3
-0.4411329665 6.034721388 3.6820850308 H3
3.1216992905 11.892678612 1.1472612453 H2
3.5152684525 5.916878612 1.3875625402 H2
-1.1382614871 2.806116164 3.8377232112 HA1
0.6495647161 8.781916164 3.7667481452 HA1
4.2123969731 9.145483836 1.2319243597 HA2
2.4245707699 3.169683836 1.3028994257 HA2
3.1130316746 1.36726304 3.2607973176 HA2
1.4981715544 7.34306304 4.3436740388 HA2
-0.0388961886 10.58433696 1.8088502533 HA1
1.5759639316 4.60853696 0.7259735322 HA1
