20
Lattice="5.0785 0.0 0.0 3.7916901872e-16 6.1923 0.0 -2.1347355515 4.6056734512e-16 4.9458665303" Properties=pos:R:3:species:S:1
-0.5118273386 2.15987424 2.7766094701 C
3.4555917871 5.25602424 2.1692570602 C
-6.6773978979e-04 2.23480107 1.32994351 C
2.9444321883 5.33095107 3.6159230203 C
4.4495345228 1.8267285 0.6924213142 H
-1.5057700743 4.9228785 4.253445216 H
0.1774624142 3.1704576 1.0831447701 H
2.7663020343 0.0743076 3.8627217601 H
1.2899286099 1.5356904 1.1672245011 N
1.6538358387 4.6318404 3.7786420291 N
1.9621101437 1.795767 1.7607284848 H
0.9816543049 4.891917 3.1851380455 H
1.1978602855 0.7244991 1.2958170309 H
1.745904163 3.8206491 3.6500494993 H
1.5764494825 1.6595364 0.3363189241 H
1.367314966 4.7556864 4.6095476062 H
3.3435754964 2.32644711 2.9511985586 O
-0.3998110479 5.42259711 1.9946679717 O
0.3515234737 1.98339369 3.6708221388 O
2.5922409748 5.07954369 1.2750443915 O
