30
Lattice="7.046 0.0 0.0 -3.523 6.1020149951 0.0 0.0 0.0 5.491" Properties=pos:R:3:species:S:1
1.62124937 0.1739684475 2.76642071 N
6.08471422 1.3170589165 0.9360873767 N
2.86303641 4.610987631 4.5967540433 N
1.59553147 0.0752378449 0.07588562 O
6.18307638 1.3441518631 3.7365522867 O
2.79039215 4.6826252871 1.9062189533 O
0.31897242 6.0824885471 5.39606061 O1
-1.90407581 3.3370089404 3.5657272767 O1
1.58510339 2.7845325027 1.7353939433 O1
-0.7563881 6.0942044159 0.56255295 C
-1.37654179 2.3998614774 4.2232196167 C
2.13292989 3.7099640968 2.3928862833 C
-0.6260371 5.9354299857 2.07927697 CA
-1.3042146 2.5921359699 0.2489436367 CA
1.9302517 3.6764640345 3.9096103033 CA
1.7058366 0.0988526429 3.8156959 H1
6.1074728 1.4278715088 1.9853625667 H1
2.7556906 4.5752908433 0.1550292333 H1
1.3785499 1.1709766776 2.52586 H2
5.3426295 0.608370895 0.6955266667 H2
3.8478206 4.3226674225 4.3561933333 H2
-2.6771277 5.6498556839 2.4473387 H3
-0.0313547 0.9586265557 0.6170053667 H3
2.7084824 5.5955477505 4.2776720333 H3
3.7019684 0.4698551546 2.481932 HA1
4.7881093 2.9710711011 0.6515986667 HA1
2.0789223 2.6610887393 4.3122653333 HA1
-0.3822455 4.8822221976 2.3051218 HA2
-0.5140057 3.3298695828 0.4747884667 HA2
0.8962512 3.9919382098 4.1354551333 HA2
